0 0.239453 0.033333 0.021094 0.031250
0 0.416016 0.176042 0.046094 0.100000
0 0.492578 0.197917 0.089844 0.370833
0 0.460938 0.464583 0.106250 0.470833
0 0.342969 0.239583 0.017188 0.047917
0 0.303516 0.317188 0.025781 0.063542
0 0.277344 0.389583 0.014063 0.029167
0 0.326953 0.404687 0.025781 0.046875
0 0.226953 0.373958 0.013281 0.027083
0 0.172266 0.296354 0.016406 0.017708
0 0.526563 0.591146 0.012500 0.023958
0 0.514062 0.667708 0.015625 0.031250
0 0.543750 0.488542 0.012500 0.077083
0 0.585938 0.360417 0.009375 0.025000
0 0.304688 0.539583 0.014063 0.031250
0 0.059766 0.103646 0.046094 0.167708