0 0.669141 0.235937 0.163281 0.053125
0 0.494922 0.157812 0.042969 0.065625
0 0.545703 0.339062 0.052344 0.013542
0 0.669922 0.440104 0.214844 0.190625
0 0.671094 0.329167 0.017188 0.052083
0 0.713672 0.377083 0.089844 0.091667
0 0.813281 0.513542 0.039062 0.110417
0 0.862109 0.609375 0.033594 0.031250
0 0.750391 0.581250 0.064844 0.095833
0 0.689063 0.633854 0.056250 0.017708
0 0.733203 0.659375 0.008594 0.006250
0 0.227344 0.510938 0.012500 0.023958
0 0.239453 0.535417 0.011719 0.022917
0 0.301953 0.395833 0.008594 0.010417
0 0.260937 0.582292 0.012500 0.012500
0 0.280078 0.587500 0.005469 0.006250
0 0.339062 0.623958 0.078125 0.070833