0 0.485156 0.055729 0.351562 0.109375
0 0.795703 0.062500 0.272656 0.120833
0 0.568359 0.329688 0.389844 0.084375
0 0.535937 0.422396 0.306250 0.067708
0 0.435156 0.503646 0.035937 0.030208
0 0.517188 0.501042 0.042188 0.025000
0 0.617969 0.488021 0.053125 0.048958
0 0.673047 0.525000 0.066406 0.039583
0 0.648047 0.648438 0.172656 0.080208
0 0.449219 0.673438 0.071875 0.017708
0 0.163281 0.388542 0.129688 0.272917
0 0.400781 0.348438 0.010937 0.011458
0 0.475781 0.378125 0.006250 0.006250
0 0.255078 0.658333 0.063281 0.058333
0 0.463281 0.291146 0.006250 0.021875