0 0.451250 0.520150 0.272500 0.093721
0 0.663750 0.411434 0.172500 0.164948
0 0.630000 0.645736 0.142500 0.052484
0 0.184375 0.416589 0.368750 0.081537
0 0.125000 0.412840 0.250000 0.079663
0 0.436875 0.449859 0.193750 0.048735
0 0.628750 0.522024 0.130000 0.031865
0 0.586875 0.366917 0.071250 0.072165
0 0.683750 0.319119 0.080000 0.044049
0 0.765625 0.395033 0.048750 0.029053
0 0.448125 0.332240 0.043750 0.021556
0 0.430625 0.334114 0.138750 0.021556
0 0.052500 0.400187 0.105000 0.035614
0 0.228750 0.426429 0.215000 0.067479
0 0.255625 0.566073 0.048750 0.050609
0 0.564375 0.396907 0.458750 0.141518
0 0.586875 0.479381 0.633750 0.177132
0 0.736250 0.295220 0.187500 0.039363
0 0.528750 0.582474 0.092500 0.014058
0 0.596875 0.635895 0.333750 0.098407
0 0.413750 0.317713 0.032500 0.014995
0 0.718750 0.573102 0.260000 0.087160