0 0.443125 0.453140 0.206250 0.027179
0 0.438750 0.521087 0.295000 0.116214
0 0.374375 0.419869 0.281250 0.088097
0 0.660000 0.485942 0.122500 0.092784
0 0.675000 0.140112 0.082500 0.225867
0 0.339375 0.325679 0.221250 0.053421
0 0.491875 0.375351 0.553750 0.164011
0 0.551875 0.391753 0.031250 0.022493
0 0.643750 0.347235 0.095000 0.042174
0 0.723125 0.488285 0.093750 0.089972
0 0.707500 0.262887 0.227500 0.132146
0 0.831875 0.229147 0.018750 0.066542
0 0.439375 0.583411 0.103750 0.014058
0 0.337500 0.579663 0.095000 0.012184