0 0.337109 0.401562 0.067969 0.028125
0 0.387109 0.284375 0.028906 0.032813
0 0.469922 0.365625 0.028906 0.028125
0 0.541797 0.408203 0.052344 0.016406
0 0.144141 0.673047 0.010156 0.014844
0 0.259375 0.637500 0.028125 0.037500
0 0.442578 0.702344 0.049219 0.050000
0 0.219922 0.711328 0.111719 0.039844
0 0.563281 0.757422 0.415625 0.052344
0 0.576562 0.732812 0.100000 0.006250
0 0.817969 0.698438 0.101562 0.037500
0 0.714063 0.634766 0.043750 0.017969
0 0.735547 0.643359 0.011719 0.010156
0 0.920312 0.680078 0.068750 0.027344