0 0.201250 0.715558 0.362500 0.124649
0 0.838125 0.516401 0.073750 0.024367
0 0.806875 0.551546 0.086250 0.053421
0 0.789375 0.573571 0.083750 0.037488
0 0.848750 0.535614 0.037500 0.029053
0 0.463750 0.419869 0.095000 0.005623
0 0.685625 0.396907 0.053750 0.014058
0 0.550000 0.404405 0.052500 0.006560
0 0.548125 0.474227 0.163750 0.065604
0 0.509375 0.462512 0.018750 0.017807
0 0.498750 0.482193 0.012500 0.010309
0 0.366875 0.671040 0.048750 0.048735
0 0.163750 0.718838 0.010000 0.016870
0 0.265000 0.699157 0.140000 0.056232
0 0.496250 0.596064 0.475000 0.116214
0 0.197500 0.730553 0.072500 0.032802