0 0.366016 0.689063 0.374219 0.411458
0 0.183594 0.477083 0.028125 0.087500
0 0.265625 0.195312 0.206250 0.373958
0 0.481250 0.172917 0.015625 0.197917
0 0.448828 0.482812 0.255469 0.394792
0 0.333984 0.632812 0.071094 0.061458
0 0.405469 0.779687 0.071875 0.073958
0 0.415625 0.798958 0.039062 0.047917
0 0.448047 0.704167 0.085156 0.050000
0 0.333203 0.696875 0.013281 0.016667
0 0.566406 0.794271 0.065625 0.055208
0 0.623828 0.707292 0.103906 0.033333
0 0.700391 0.775521 0.038281 0.038542
0 0.893750 0.592708 0.160938 0.068750
0 0.555078 0.528125 0.205469 0.245833